1	5920.3	35.686	0.50797	1759.3	1.5524e-08	1.2012
2	4308.2	28.666	0.54673	703.74	1.0357e-07	0.45898
3	3607.3	31.001	0.41015	1546.4	8.859e-08	0.47852
4	2704.6	32.362	0.43672	2001.8	6.9541e-08	0.4668
5	6798.4	28.597	0.53421	2826.1	5.2039e-08	1.0098
6	4071.7	35.856	0.42854	313.41	1.146e-07	1.0449
7	3827.3	37.72	0.28716	1103.9	6.4016e-08	1.2832
8	4522.1	32.482	0.36981	598.48	1.0227e-07	1.0098
9	4299.1	30.902	0.40243	2895.9	1.1828e-07	1.0684
10	3857.2	35.251	0.28935	1030.6	8.4897e-08	1.1934
11	6406.1	38.189	0.44944	120.36	4.2318e-08	1.2402
12	6866	35.643	0.37476	1351.6	7.1992e-08	1.2988
13	3777.1	31.591	0.36836	2868.2	7.8427e-08	1.0918
14	3025.6	34.194	0.26642	799.35	3.1078e-08	1.1035
15	2974.4	34.912	0.48438	2666	3.1169e-08	1.0605
16	7753	37.029	0.29483	285.6	1.1349e-07	1.4199
17	4710.1	38.553	0.43417	1175.8	1.2379e-07	1.2207
18	5031.4	29.629	0.52736	2255.5	1.2328e-07	0.96289
19	7237	36.402	0.44366	2103.8	1.8084e-08	1.3418
20	7062.2	37.556	0.39319	2679.9	2.2172e-08	1.4316
21	7161.5	36.886	0.50525	1904.9	8.21e-08	1.2949
22	4815.5	30.55	0.52031	56.944	7.769e-08	0.48242
23	7630	30.262	0.54546	2073.3	5.4789e-08	1.0723
24	5821.8	37.147	0.50327	1989.3	6.1071e-08	1.252
25	3193.5	29.215	0.31857	2582.7	9.2787e-08	1.0527
26	7142.3	38.221	0.45111	1362.1	5.824e-08	1.3496
27	7470.7	38.127	0.30532	1426.1	3.0008e-08	1.5645
28	5740	35.989	0.34448	2699.9	1.9674e-08	1.3496
29	6062.9	29.495	0.26433	2907.3	4.8436e-08	1.7754
30	3321.3	27.808	0.44536	711.78	1.0436e-07	0.4082
31	6939.6	33.866	0.40462	2406.7	5.2897e-08	1.2793
32	2767.1	35.409	0.2932	845.39	3.7877e-08	1.0566
33	7018.6	33.033	0.39545	1858.3	5.4442e-08	1.2324
34	6667.9	34.747	0.42577	1343.3	9.5918e-08	1.2129
35	4581.9	34.382	0.46903	2324.8	1.094e-07	1.123
36	7962.5	35.528	0.49319	2869.8	4.9714e-08	1.3262
37	4332.4	31.789	0.38981	2859	1.1242e-07	1.1113
38	7682.1	29.349	0.30706	418.86	8.9705e-08	1.1816
39	5958.9	36.764	0.39901	1635	1.8301e-08	1.2715
40	3349.9	28.876	0.43362	63.111	8.5497e-08	0.40039
41	4627.3	34.011	0.36229	1493	1.101e-07	1.1348
42	7504.1	38.27	0.50048	1382.3	1.4453e-08	1.3496
43	6566.2	38.399	0.39117	1562.3	4.2021e-08	1.377
44	7231.7	30.837	0.47286	2807	1.1909e-07	1.1348
45	4654.4	29.114	0.43222	2552.1	2.1876e-08	0.48242
46	8113.5	29.449	0.29369	1664	1.2654e-07	1.4316
47	7656.1	30.727	0.38715	2125.2	8.3851e-08	1.2168
48	4935.9	29.697	0.39448	2778.5	1.2042e-07	1.0645
49	4142.4	32.759	0.36484	2043.8	1.0584e-07	1.1035
50	3581.3	36.42	0.54128	2396.2	1.2715e-07	1.127
51	6127.4	31.058	0.33554	2470.2	2.718e-08	1.2363
52	3598.9	36.023	0.34729	747.49	1.014e-07	1.084
53	7951.3	33.797	0.49713	1479.4	6.1419e-08	1.2051
54	4051.1	36.979	0.47971	860.18	6.3198e-08	1.1035
55	4804.8	34.978	0.52164	248.3	1.1719e-07	1.0371
56	4281.6	31.467	0.34035	388.35	8.3024e-08	0.47852
57	7770.5	32.247	0.33443	2189.6	1.2301e-07	1.3848
58	5862.5	30.095	0.44168	836.22	2.8134e-08	1.0176
59	5307.5	35.029	0.31451	153.75	3.6726e-08	1.1465
60	3145.9	28.441	0.40839	1613.6	3.9991e-08	0.41211
61	6617.4	36.457	0.39855	2216.1	2.3101e-08	1.3379
62	7552.6	37.639	0.27477	822.82	9.3043e-08	1.623
63	5519.2	30.063	0.44702	989.24	5.3921e-08	0.99414
64	5716.4	34.159	0.31187	1619.9	1.1165e-07	1.3184
65	7120.9	28.07	0.33111	1579	5.7432e-08	1.1621
66	3902.4	27.928	0.51957	780.73	3.5787e-08	0.43164
67	5336	28.356	0.2715	615.27	5.5773e-08	1.1191
68	4233.2	32.424	0.48205	786.48	2.4502e-08	0.49023
69	4680.1	37.702	0.525	506.71	1.27e-07	1.127
70	7715.2	36.782	0.42305	1277.4	3.8494e-08	1.3496
71	4128.4	32.655	0.47639	2782.9	1.2461e-07	1.0605
72	6040	32.974	0.37584	553.53	9.0185e-08	1.1074
73	6733.2	35.194	0.38813	84	4.9213e-08	1.1816
74	4216.3	34.49	0.51567	909.03	5.1832e-08	1.0332
75	7323	33.347	0.33768	107.98	5.645e-08	1.2051
76	3717	34.9	0.29856	1072.1	1.163e-07	1.1582
77	3395.5	34.621	0.513	573.02	4.9874e-08	0.48242
78	5120.7	31.89	0.5386	2366.6	6.7084e-08	1.041
79	5283.4	32.016	0.31633	145.6	1.0196e-07	1.0488
80	4727.6	31.558	0.41852	337.07	1.6156e-08	0.49023
81	3870.9	32.96	0.27722	2692	8.827e-08	1.498
82	4792.3	28.939	0.35676	2050.3	3.2079e-08	1.0215
83	6697.6	33.764	0.49517	893.2	1.0032e-07	1.127
84	4614.9	38.123	0.5313	2482.5	2.5137e-08	1.2441
85	7035.5	31.171	0.37746	2155.7	5.7171e-08	1.2129
86	2622.5	35.325	0.36921	2433.9	4.6475e-08	1.0918
87	7739.9	38.346	0.31075	1294.6	8.7484e-08	1.5684
88	6150.3	28.11	0.30336	2422.6	9.2245e-08	1.2832
89	3926.2	29.532	0.28827	1327.5	1.5212e-08	1.0215
90	6925.8	29.591	0.37147	95.189	9.4689e-08	1.0371
91	7139.2	35.104	0.48637	1568.2	6.5748e-08	1.2285
92	7902	36.911	0.48986	1829.8	1.0728e-07	1.3262
93	5879.6	32.716	0.41727	1806.2	9.8043e-08	1.1348
94	7436.2	35.765	0.46182	684.71	5.8523e-08	1.2441
95	5575.8	31.525	0.514	1523	8.8845e-08	1.0293
96	2579.7	35.842	0.46058	1136.3	1.0067e-07	1.0059
97	2792.5	30.917	0.27655	283.13	5.7944e-08	0.41602
98	6360.4	34.079	0.33344	191.02	1.7429e-08	1.1855
99	6247	37.95	0.5438	465.36	8.5038e-08	1.209
100	7103.3	35.469	0.32053	345.48	3.2746e-08	1.2988
101	4915.7	30.619	0.40053	1455.3	6.9879e-08	1.0137
102	2859.6	29.334	0.53732	979.72	6.6766e-08	0.41211
103	7523	33.13	0.34567	1529.2	6.8401e-08	1.3105
104	4967.9	35.288	0.32579	2340.4	8.3828e-08	1.3418
105	5507.5	30.014	0.28001	1166.8	4.5266e-08	1.2168
106	6817.8	29.758	0.41036	1599.6	4.1508e-08	1.0996
107	3174.4	32.863	0.35392	2128.8	4.4849e-08	1.041
108	3798	28.376	0.44053	518.56	4.399e-08	0.42383
109	3684	33.981	0.42219	752.17	3.6201e-08	0.48633
110	6709.1	37.857	0.46435	427.08	6.2453e-08	1.2559
111	3541.4	33.281	0.35796	951.31	1.1986e-07	1.0059
112	4443.1	29.13	0.45028	1976.5	1.0105e-07	0.94336
113	3114.6	32.08	0.38927	1996.1	9.1714e-08	0.48633
114	4420.9	31.376	0.43559	2757	9.34e-08	1.0527
115	6389	31.92	0.33575	2636	2.1651e-08	1.2871
116	7447.4	37.172	0.38418	1892.2	9.8623e-08	1.4082
117	6838.2	33.969	0.29553	77.591	7.353e-08	1.2285
118	5456.1	32.174	0.38213	493.45	3.509e-08	1.0566
119	2615.4	29.667	0.35039	973.39	1.0565e-07	0.4043
120	5166.3	35.078	0.46286	679.46	2.1243e-08	1.1113
121	4555.2	28.506	0.35907	661.5	7.7913e-08	0.46289
122	4183.5	30.323	0.51069	299.21	9.1317e-08	0.45898
123	4993.5	35.695	0.30643	1187.8	1.1127e-07	1.2754
124	7371.1	37.477	0.35226	127.79	4.0386e-08	1.3223
125	7360.1	30.816	0.31584	2096.9	3.1645e-08	1.3496
126	5081.4	30.718	0.45813	1676.6	1.9972e-08	1.0176
127	3013	33.457	0.54443	814.88	2.0257e-08	0.45117
128	6513.5	30.39	0.50411	1161.8	1.0805e-07	1.0215
129	2951.8	37.871	0.3487	1903.4	1.4052e-08	1.1152
130	8098.2	34.216	0.38474	2641.5	9.9838e-08	1.3926
131	2550.4	36.287	0.38326	2031.7	3.4923e-08	1.0723
132	6095.7	31.628	0.29017	394.52	7.9833e-08	1.1777
133	7855.1	27.987	0.51738	939.78	1.0483e-07	0.99023
134	4603.6	32.618	0.43573	1727.8	3.9325e-08	1.0566
135	5471.9	34.82	0.48531	1501.8	2.3766e-08	1.1504
136	4262.9	38.289	0.49833	500.32	7.8773e-08	1.1309
137	6761.7	37.587	0.44294	482.44	2.7781e-08	1.2754
138	3972.7	31.238	0.50601	2610.5	3.5384e-08	0.99414
139	5183.5	34.112	0.33019	2819.5	4.4201e-08	1.3301
140	3034.8	34.652	0.43887	1917.8	1.0523e-07	1.0449
141	7405.4	27.685	0.50873	2333.6	9.4001e-08	1.002
142	5289.6	27.802	0.42649	355.17	6.8249e-08	0.47852
143	2904.7	32.141	0.38097	2491.6	1.1741e-07	1.0254
144	3419.2	34.263	0.48742	1005.6	5.3826e-08	0.49414
145	5478.9	29.381	0.51172	2203.6	3.3995e-08	0.98633
146	5608.1	37.292	0.37317	886.53	1.2516e-07	1.2402
147	5045.8	36.24	0.34947	2381.3	3.7171e-08	1.3027
148	4886.8	32.834	0.32874	1651.4	1.6939e-08	1.1387
149	3278.2	38.711	0.50706	2655.7	8.0848e-08	1.2168
150	3260.9	37.92	0.32486	2672.9	3.3106e-08	1.2871
151	3557.2	28.2	0.43091	2532.1	7.2247e-08	0.46289
152	4762.1	28.831	0.52574	2620.9	6.0229e-08	0.94336
153	6462.2	33.443	0.4251	2528.6	1.1062e-07	1.2207
154	5936.5	28.908	0.2699	769.34	7.9309e-08	1.2207
155	3997.9	29.255	0.41581	1715.3	1.2616e-07	0.48633
156	4478.2	36.822	0.47745	1010.1	1.0265e-07	1.127
157	4354.3	34.992	0.53569	2506.2	8.6986e-08	1.1152
158	5757.4	28.733	0.33229	1822.2	1.041e-07	1.1113
159	2827.3	29.725	0.42741	1442.7	1.2137e-07	0.43164
160	8162.7	38.433	0.5303	1971.5	1.7787e-08	1.3848
161	4501.2	28.569	0.32394	2946.3	4.3205e-08	1.123
162	3472.5	33.682	0.47418	220.28	5.5814e-08	0.46289
163	2597.7	38.501	0.40628	583.22	7.2751e-08	1.0605
164	2688.1	36.18	0.27408	2887.2	5.0903e-08	1.502
165	6179.6	38.484	0.44844	1629.3	6.4328e-08	1.3223
166	8037.8	30.358	0.53606	1304.3	2.5961e-08	1.0723
167	6972	29.929	0.39136	2920.4	7.0611e-08	1.1934
168	4847.8	27.71	0.4719	2149.7	2.8981e-08	0.48242
169	5693.3	37.045	0.2847	1242.3	8.0081e-08	1.4629
170	4102.6	34.33	0.39695	1060.9	9.4977e-08	1.0566
171	3769.4	38.597	0.53774	469.19	1.9194e-08	1.1152
172	4691.8	36.098	0.42922	1736	3.7559e-08	1.1738
173	6524.8	32.208	0.34379	1207.5	9.6527e-08	1.1973
174	6602	31.261	0.43844	370.76	1.5733e-08	1.0762
175	6340.3	38.622	0.28313	408.28	1.0663e-07	1.4316
176	3512	28.047	0.41396	1227.7	5.0605e-08	0.41992
177	8000.4	35.556	0.29957	1884.2	9.7408e-08	1.6348
178	6171.4	34.539	0.52888	759.75	7.1681e-08	1.1152
179	6538	33.202	0.40712	164.18	6.9143e-08	1.1074
180	2730.4	35.933	0.30867	1952.5	6.2772e-08	1.1738
181	5556.7	34.589	0.34682	1197.6	9.1905e-08	1.2051
182	4469.7	33.155	0.52707	2317.5	4.7693e-08	1.0605
183	5374.2	30.459	0.26861	2448.5	6.3475e-08	1.5723
184	6453.3	28.981	0.50202	967.36	7.1199e-08	0.97461
185	4963.2	36.696	0.3514	2024.9	1.1511e-07	1.3066
186	3667	37.509	0.40106	2289	5.3189e-08	1.209
187	6197.7	30.677	0.39389	699.19	6.172e-08	1.0566
188	2993.9	27.765	0.41167	1930.9	1.2075e-07	0.42773
189	7210.6	29.268	0.46551	870.76	6.6167e-08	1.0293
190	5209	38.742	0.29757	1393.9	8.1896e-08	1.4512
191	5675.3	35.14	0.44635	1776.9	1.2166e-07	1.1855
192	7482.6	35.587	0.49948	1056.1	6.476e-08	1.2324
193	3205.2	30.002	0.41653	880.48	9.0519e-08	0.42773
194	7410	27.653	0.27212	2494.9	7.3687e-08	1.6543
195	6482	32.554	0.36759	1940.3	5.1475e-08	1.2246
196	4410.1	31.833	0.54013	559.63	1.0852e-07	0.49805
197	6679.8	32.52	0.47507	2728.1	7.9079e-08	1.1738
198	5543.1	33.566	0.35574	2179.6	4.7041e-08	1.2285
199	5251.1	31.343	0.36566	656.73	9.5575e-08	1.0293
200	3448.1	35.384	0.34302	2252	9.6864e-08	1.1934
201	8129.1	31.306	0.48893	1788.6	1.2567e-07	1.1387
202	3488.7	31.402	0.45531	2372.6	1.2404e-07	0.97852
203	6000.3	36.563	0.47565	1390.8	4.2554e-08	1.2285
204	7347.4	35.801	0.33914	833.51	7.4466e-08	1.3379
205	3106.4	37.239	0.51386	1684.5	2.9458e-08	1.0957
206	5972.4	37.41	0.5294	929.55	8.7674e-08	1.2051
207	5911.1	34.392	0.28556	237.09	2.6529e-08	1.2402
208	5636.2	37.102	0.47854	1114.4	1.0302e-07	1.2012
209	2813.9	31.079	0.37384	319.15	3.0443e-08	0.4043
210	8168.8	28.677	0.4703	1808.6	2.5544e-08	1.0723
211	4740.2	29.068	0.35484	527.17	7.7152e-08	0.47461
212	4002.8	37.99	0.46628	1261	9.0841e-08	1.1582
213	5611.1	30.222	0.52355	2355.5	6.7611e-08	1.0137
214	6767.7	33.621	0.3375	2927.4	1.2547e-07	1.4434
215	6113.4	33.065	0.42401	1151.2	1.1315e-07	1.1191
216	5408.4	30.301	0.27268	2167	4.3351e-08	1.4355
217	3087.8	33.558	0.41466	2910.9	7.0462e-08	1.0723
218	6050	34.847	0.2918	170.59	3.2297e-08	1.2402
219	6256.6	29.822	0.37901	634.01	2.7482e-08	1.0527
220	3312.5	28.324	0.30145	1283	8.256e-08	0.42773
221	7808.7	37.767	0.32144	2765.2	1.1663e-07	1.7285
222	3460.9	36.163	0.26881	2602.5	1.1772e-07	1.709
223	4024	34.424	0.40358	943.78	5.6619e-08	1.0488
224	4372	38.013	0.26682	912.93	1.895e-08	1.3652
225	4093.3	31.866	0.40751	2263.2	1.1925e-07	1.0449
226	3381.6	32.256	0.34137	1851.4	4.5661e-08	1.0332
227	7264.9	36.129	0.42045	1218.5	1.1098e-07	1.2832
228	3225.8	30.154	0.37712	1841.2	8.0713e-08	0.45508
229	6288.7	38.665	0.51826	1308	5.977e-08	1.291
230	2743.8	28.177	0.31005	2397.7	1.1425e-07	0.44336
231	4904.2	33.404	0.28629	2743	3.0197e-08	1.4512
232	6909.2	27.885	0.29682	1955.7	4.7912e-08	1.2988
233	7561.2	35.21	0.45421	1593.8	9.8939e-08	1.2676
234	6299.1	31.494	0.4556	2444.2	6.206e-08	1.127
235	8022.9	31.106	0.48176	1469.5	1.0908e-07	1.123
236	5213.2	34.301	0.48092	2844.6	1.1196e-07	1.166
237	7840.4	28.217	0.32314	1441.8	8.6205e-08	1.2207
238	7889	30.951	0.3608	138.76	4.4644e-08	1.1582
239	3625.2	33.314	0.50956	630.44	9.4308e-08	0.48242
240	2772.9	32.325	0.31752	2014.8	1.6604e-08	0.42773
241	2928.2	28.259	0.44418	2570.2	6.5064e-08	0.43555
242	5150.3	32.459	0.31909	378.97	8.328e-08	1.0762
243	2882.6	31.719	0.46853	1107.8	6.0473e-08	0.43945
244	2523.1	36.545	0.5335	1369.4	6.5296e-08	1.0293
245	7614.6	37.195	0.39765	2747.4	4.0637e-08	1.4629
246	8057.4	30.772	0.29125	1021.6	6.883e-08	1.3887
247	7988.4	30.179	0.313	1705.2	2.8823e-08	1.3496
248	4395.7	30.585	0.37934	642.9	3.356e-08	0.4707
249	6882.6	36.659	0.45245	1660.1	2.2459e-08	1.3066
250	6846	31.677	0.32713	325.14	1.0623e-07	1.1465
251	5428.1	33.845	0.41261	1514.4	9.9152e-08	1.1348
252	8183.4	37.815	0.38569	263.13	1.1387e-07	1.3457
253	7577.7	34.501	0.53281	2516.4	2.0796e-08	1.2324
254	3707.7	29.463	0.27558	186.41	1.0349e-07	0.43945
255	6440.4	33.737	0.49129	605.1	4.1358e-08	1.1191
256	6999.2	29.871	0.28271	1403.9	7.6106e-08	1.377
257	2660.9	37.35	0.3636	1037.5	7.5445e-08	1.0723
258	8073.2	34.763	0.41893	584.56	5.9584e-08	1.2598
259	7707.3	28.03	0.37201	736.97	1.4586e-08	1.1074
260	7079.4	27.587	0.3274	1791.5	5.5326e-08	1.1738
261	3294.6	28.524	0.50156	1750.1	7.304e-08	0.43945
262	5381.8	36.605	0.28089	455.04	1.2215e-07	1.3066
263	5848	36.325	0.46339	2832.8	8.5935e-08	1.2793
264	7926.4	32.792	0.30424	2110.2	3.7991e-08	1.5176
265	3165.8	30.476	0.49226	1319.3	9.6131e-08	0.45117
266	3736.8	30.52	0.54159	1131.5	3.4557e-08	0.45898
267	4192.3	31.762	0.4318	2059.8	9.7835e-08	1.0215
268	5646.9	28.744	0.26539	1488	2.3961e-08	1.3262
269	7642.3	33.237	0.42089	231.94	1.2199e-07	1.1504
270	6020.7	38.35	0.30752	2460.6	9.9754e-08	1.6426
271	5012.5	33.935	0.27889	1870	7.4913e-08	1.4434
272	5795.1	31.99	0.45662	1552.2	1.1854e-07	1.0723
273	5104.1	37.419	0.49424	430.98	8.6779e-08	1.1426
274	3062.8	38.795	0.54305	207.85	4.8648e-08	1.0605
275	3835.7	36.356	0.35311	2543	7.4307e-08	1.2559
276	7877.1	36.059	0.32195	1763.2	1.2258e-07	1.5215
277	5799.5	28.475	0.36205	1694.9	8.1377e-08	1.0488
278	6970.5	37.318	0.48805	2573	1.1296e-07	1.334
279	6224.1	36.72	0.28106	2078.8	1.2014e-07	1.7207
280	5070.9	34.715	0.31392	202.88	2.6858e-08	1.1309
281	3640.2	32.672	0.4588	2706	3.8943e-08	1.0371
282	2655.2	28.793	0.30192	2206.2	1.0834e-07	1.0098
283	4547.8	33.101	0.32994	1235	7.6649e-08	1.1152
284	5344.8	33.66	0.35946	1081.9	7.5718e-08	1.1387
285	5773.6	32.905	0.45944	2291.3	7.6464e-08	1.1387
286	2894.1	29.967	0.46776	538.24	6.7407e-08	0.4043
287	3367.5	32.382	0.4939	2720.9	3.9692e-08	1.0059
288	3961.4	31.17	0.52113	2225.6	2.3335e-08	0.49023
289	7799.2	38.062	0.43956	274.02	5.9121e-08	1.3223
290	7295.1	36.49	0.29985	1416.5	5.249e-08	1.5254
291	4164.6	35.506	0.51597	2278.5	4.7414e-08	1.123
292	6590.9	27.852	0.52289	1249.9	1.1568e-07	0.94336
293	6647.6	29.026	0.4961	446.8	1.0749e-07	0.9668
294	6372.9	36.938	0.36641	2137.5	1.0967e-07	1.3848
295	7191.2	35.885	0.48338	721.04	4.6089e-08	1.2285
296	5240.3	32.041	0.38088	2300.5	2.4711e-08	1.127
297	3920.7	33.502	0.45313	1085.4	8.927e-08	1.0059
298	6312.2	29.187	0.47136	2589.8	5.0313e-08	1.0488
299	4857.5	37.627	0.34117	2801.2	8.4247e-08	1.4316
300	7286.4	29.825	0.40452	2238.1	1.1604e-07	1.1465
1	4334.9	28.099	0.37586	1017.9	4.616e-08	0.45117
2	7938	27.772	0.3236	1357.1	7.1004e-08	1.209
3	4314.9	38.122	0.27817	1516.8	1.448e-08	1.373
4	5487.7	38.736	0.27964	529.06	5.4768e-08	1.3965
5	7195.4	35.862	0.28896	2597.1	5.8936e-08	1.7715
6	7422.2	30.241	0.40271	2247.3	9.8713e-08	1.1699
7	5291	29.666	0.5353	2551.3	5.3008e-08	0.98242
8	2540.1	31.956	0.28658	2582.2	9.8412e-08	1.2324
9	7895.2	32.095	0.47869	2654.3	7.2431e-08	1.1973
10	3151.1	36.336	0.39843	1395.5	9.1365e-08	1.0879
11	4444.5	38.548	0.31079	2379.5	5.2141e-08	1.4551
12	6569.1	32.125	0.38084	1097.8	5.6004e-08	1.1504
13	4112.8	31.355	0.41415	2531.1	4.6977e-08	1.0371
14	6651.5	38.413	0.37312	1831.2	5.9457e-08	1.4199
15	6521.9	34.177	0.50535	2464	9.2101e-08	1.1895
16	7322.6	38.627	0.54363	98.387	9.2534e-08	1.2598
17	3521	30.921	0.53585	2267.5	1.782e-08	0.46289
18	5784.9	29.064	0.50836	852.82	8.343e-08	0.94336
19	5463.8	37.504	0.2923	2806.7	6.7213e-08	1.7051
20	4692.1	34.549	0.48161	1897.7	8.7043e-08	1.1113
21	5838.4	34.256	0.34441	933.89	6.7913e-08	1.1934
22	4353.8	36.377	0.47547	467.43	4.2228e-08	1.084
23	3852.6	35.064	0.4656	1703.1	9.0316e-08	1.0801
24	5897.2	35.994	0.31354	238.68	1.0101e-07	1.2168
25	2551.8	31.106	0.3865	766.46	4.4073e-08	0.4043
26	4813.3	37.957	0.43774	2691.4	9.3662e-08	1.2988
27	6941.3	38.124	0.37726	1267.3	5.0255e-08	1.3809
28	6549.6	28.586	0.49701	2849	3.3012e-08	1.0254
29	5544.7	33.391	0.37891	2625.6	8.237e-08	1.2285
30	4763.9	28.689	0.36019	1759.5	3.2575e-08	0.47852
31	7434.6	38.269	0.40124	2796.2	1.0597e-07	1.4941
32	7540.3	31.569	0.40534	1379.6	4.6352e-08	1.1895
33	3025.6	36.736	0.28425	2857.5	3.7466e-08	1.4238
34	4147.9	31.645	0.27535	1299.6	3.9852e-08	1.1777
35	3038.6	29.233	0.36515	2544.1	9.9864e-08	0.46289
36	3061.6	35.526	0.47059	360.86	2.2651e-08	0.4707
37	4739.5	28.91	0.31985	2769.9	2.8917e-08	1.1309
38	7831.5	36.415	0.50409	1981.5	3.5204e-08	1.3105
39	7797.9	34.974	0.52973	2019.7	7.6694e-08	1.2402
40	2907.1	33.068	0.46474	2240.2	1.2288e-07	0.50977
41	3442.8	37.89	0.46749	700	6.7148e-08	1.0918
42	7312	32.826	0.3296	859.66	5.5168e-08	1.2637
43	7563.6	35.312	0.49091	806.46	6.9223e-08	1.2207
44	4115.6	29.169	0.3098	1480.2	4.0117e-08	1.0176
45	5154	33.813	0.50991	1448.3	3.5651e-08	1.0879
46	7978.5	34.371	0.27383	1087.3	1.2682e-07	1.6152
47	6454.7	29.852	0.51024	594.11	3.8056e-08	0.99023
48	7510	38.057	0.46001	2919.7	2.5356e-08	1.4434
49	3272.8	36.138	0.4517	2837	1.1005e-07	1.1543
50	7709.3	35.024	0.29816	1540.1	1.0951e-07	1.5449
51	5624.4	29.519	0.39184	2470.2	6.3301e-08	1.0801
52	2605.1	37.913	0.49396	1962.6	1.1137e-07	1.1191
53	4669.3	35.911	0.29535	2303.3	3.9458e-08	1.416
54	3420.2	30.158	0.45777	1719.4	2.6637e-08	0.44336
55	3647.6	30.737	0.34671	2866.6	1.2188e-07	1.1035
56	4597.9	36.497	0.48441	949.28	4.1741e-08	1.127
57	2652.2	28.171	0.45529	1695.9	5.4462e-08	0.40039
58	5094.4	34.136	0.47225	1371.9	6.3381e-08	1.0996
59	3480.6	32.205	0.50629	1651.3	1.0906e-07	0.49805
60	5228	35.828	0.3558	741.79	8.2838e-08	1.1777
61	7161.9	32.056	0.42431	1730.2	1.053e-07	1.1699
62	6605.9	28.254	0.51522	297.1	9.8135e-08	0.93555
63	5439.9	28.136	0.54229	1243.9	6.1968e-08	0.9043
64	5207.3	38.22	0.52377	582.12	9.7465e-08	1.1777
65	8187.5	28.453	0.31446	1467	1.9172e-08	1.2871
66	8137.1	33.587	0.28181	712.28	8.755e-08	1.4785
67	6011.8	32.171	0.48802	2074.1	1.2291e-07	1.0957
68	6406.3	35.731	0.39031	517.63	7.3122e-08	1.2051
69	4956.2	28.729	0.53846	2789.6	9.7055e-08	0.94336
70	7768.6	33.958	0.29764	2400.1	7.0746e-08	1.6504
71	4397.3	27.702	0.36048	772.73	7.3587e-08	0.44727
72	2819.7	35.392	0.35422	784.35	2.0031e-08	0.45898
73	4416.8	32.477	0.47418	2049.2	6.4018e-08	1.041
74	5978.4	34.812	0.3926	1273.2	8.1895e-08	1.1973
75	2923	29.476	0.52474	1687.8	1.0867e-07	0.43945
76	3234.7	32.438	0.4295	1222.4	1.0433e-07	0.47461
77	7809.3	36.556	0.53908	506.97	2.6397e-08	1.248
78	3786.5	33.083	0.51349	475.8	1.1538e-07	0.48242
79	6588.3	29.41	0.2855	2193.2	8.3541e-08	1.4395
80	5590.2	28.31	0.38673	889.83	1.4217e-08	0.49023
81	4390	35.797	0.3664	270.95	1.0678e-07	1.0762
82	5167	31.873	0.46798	2009.4	1.382e-08	1.0645
83	8057.5	34.926	0.53172	168.11	2.3784e-08	1.1934
84	2678.6	31.731	0.41664	413.13	7.5046e-08	0.41211
85	6035.9	37.054	0.34283	2881.7	2.5825e-08	1.4434
86	6352.4	30.234	0.48298	2223.5	4.0447e-08	1.0645
87	6094	33.515	0.37389	2090.9	1.0256e-07	1.2324
88	3968.6	28.781	0.43372	2110.9	6.8269e-08	0.47461
89	3000.8	27.853	0.48547	1200	2.306e-08	0.38867
90	7535.5	34.019	0.33667	979.17	6.2808e-08	1.3105
91	3217.2	37.201	0.42173	1431.5	2.0739e-08	1.0918
92	5396.7	27.807	0.36822	365.71	8.2113e-08	0.48633
93	3802.6	37.784	0.31744	203.83	7.8407e-08	1.1191
94	4369.8	30.985	0.32514	1293.8	9.9594e-08	1.0527
95	7608.9	27.691	0.50795	680.37	1.1464e-07	0.9668
96	7360.1	28.75	0.53997	1931.9	8.4562e-08	1.0098
97	6851.2	28.189	0.44924	1494.5	9.5835e-08	1.0137
98	3406.9	34.466	0.4086	1328.8	5.9655e-08	1.0332
99	3664.7	37.309	0.48087	2488.5	1.811e-08	1.1621
100	3368.4	38.314	0.39409	378.24	1.2707e-07	1.0879
101	6637.9	30.815	0.34548	1906.8	7.5711e-08	1.2129
102	4173	30.507	0.49798	1210.3	9.388e-08	0.49023
103	4508.7	34.865	0.33346	281.63	4.988e-08	1.084
104	7347.3	35.118	0.46902	2504.7	7.3897e-08	1.291
105	5813.6	29.225	0.37043	2427.4	4.746e-08	1.1074
106	4490.7	32.976	0.33422	1942	2.1616e-08	1.1309
107	4897.3	38.02	0.37649	1620	5.8294e-08	1.2754
108	6830.4	31.232	0.50096	757.02	2.8109e-08	1.0566
109	7269.1	29.338	0.529	539.98	2.7651e-08	1.002
110	5952.8	29.426	0.45689	2774.4	4.9006e-08	1.0605
111	3719.7	38.519	0.47287	567.73	3.9104e-08	1.1191
112	3100.2	28.364	0.26975	2205.3	6.6458e-08	1.1777
113	5670.1	31.36	0.35677	2901.5	4.1949e-08	1.2129
114	4879.8	34.762	0.37168	2742.2	5.6586e-08	1.252
115	3355.5	35.465	0.45062	2913.1	3.5996e-08	1.123
116	4608.9	36.642	0.35272	1039.6	6.6207e-08	1.1895
117	6005.6	37.121	0.49773	632.66	8.5453e-08	1.1895
118	6326.6	36.921	0.40229	102.21	8.9756e-08	1.1973
119	5118.7	34.525	0.51144	82.949	1.081e-07	1.0293
120	4562.2	34.902	0.26398	2315.9	1.1091e-07	1.752
121	4534.2	30.961	0.30709	1632.8	8.6694e-08	1.1387
122	8103.9	29.755	0.2666	1255.2	1.0189e-07	1.5723
123	4912.3	30.845	0.51679	1662.6	9.7727e-08	0.98242
124	5890.3	36.201	0.43178	2573.1	3.3886e-08	1.2871
125	6227.9	31.917	0.30831	2271.8	3.6235e-08	1.3457
126	4786.6	33.028	0.4179	2931.7	1.1991e-07	1.1504
127	5684.5	30.614	0.30296	78.956	1.2251e-07	1.041
128	4058	30.041	0.31501	2512.4	1.1287e-07	1.1543
129	2954.5	35.587	0.43077	1112.1	6.8933e-08	1.0215
130	6685.4	30.771	0.45612	2215.4	7.8544e-08	1.1113
131	3919	31.471	0.32561	1989.8	9.4418e-08	1.0996
132	6260.2	30.591	0.49569	1577.4	3.8567e-08	1.0449
133	2747.1	37.157	0.44338	254.94	3.0854e-08	1.002
134	7918.7	31.696	0.32083	332.82	1.2474e-07	1.2246
135	2710.2	28.656	0.46023	828.46	5.126e-08	0.38867
136	4524.3	38.305	0.41684	1797.8	7.5906e-08	1.252
137	6200.1	36.743	0.38112	2373.2	6.0673e-08	1.3613
138	5639.6	37.405	0.54082	1142.2	1.1652e-07	1.1934
139	6136.6	34.583	0.48866	428.94	8.4136e-08	1.1113
140	7123.8	34.453	0.48742	1011.8	1.0627e-07	1.1777
141	2619.7	31.038	0.47676	1434.1	7.6351e-08	0.43555
142	7085.8	31.933	0.37147	408.04	2.9289e-08	1.1582
143	5058.5	36.818	0.52746	1171.3	3.196e-08	1.166
144	2834.1	37.637	0.34903	592.86	5.6457e-08	1.0645
145	5708.8	35.953	0.40659	1607.1	7.7407e-08	1.2324
146	3897.3	28.03	0.4121	169.48	7.9456e-08	0.41992
147	7106.3	30.496	0.45398	431.07	2.1223e-08	1.0605
148	3836.1	29.527	0.49433	1156.7	1.1512e-07	0.46289
149	3620.3	29.909	0.3184	331.56	7.2057e-08	0.43164
150	3260.7	32.265	0.34	2421.1	2.4209e-08	1.0371
151	6613.7	37.453	0.27665	1853.9	1.2129e-07	1.7754
152	3546.9	28.61	0.41273	823.15	2.1896e-08	0.41211
153	5344.8	31.407	0.50215	2283.8	1.2652e-07	1.041
154	8121.1	36.223	0.39727	312.15	2.3245e-08	1.3262
155	3747	29.634	0.45208	1482.2	7.793e-08	0.4668
156	6081.5	33.116	0.42455	1810.5	1.2084e-07	1.1504
157	5248.5	35.395	0.30029	2387.2	6.8408e-08	1.4707
158	3577.6	28.058	0.51253	649.29	8.0533e-08	0.41992
159	6925.4	34.656	0.48215	1145.6	1.0565e-07	1.1816
160	5434.5	30.545	0.46622	1679.1	1.1216e-07	1.0137
161	3335.8	33.785	0.40037	2353	4.7315e-08	1.0645
162	3867.6	28.827	0.44218	2132	1.6584e-08	0.43555
163	6307.5	29.97	0.31175	2123.1	8.8201e-08	1.2793
164	2988.3	38.477	0.38834	1820.9	8.5758e-08	1.1855
165	7868.7	28.509	0.27116	1950.1	2.9878e-08	1.5879
166	6392.4	33.619	0.44463	2362.2	1.1859e-07	1.1973
167	7500.8	28.976	0.49254	2685.5	1.2409e-07	1.0645
168	7455.9	33.675	0.27168	1350	6.9752e-08	1.6113
169	3186.8	31.083	0.41088	1741.2	3.4699e-08	0.44336
170	4942.5	28.964	0.42803	131.03	6.5929e-08	0.4707
171	5823.3	37.551	0.39965	2066.5	1.2523e-07	1.3301
172	4845.2	33.264	0.28357	2171.5	1.1604e-07	1.4551
173	4246.1	33.46	0.53434	863.38	3.0596e-08	1.002
174	5588.6	36.963	0.29646	666.39	5.0639e-08	1.3184
175	4865.9	29.357	0.44066	963.56	3.6612e-08	0.48633
176	2564.7	34.115	0.40986	1970.3	3.1467e-08	0.45898
177	5733.9	31.272	0.51691	1737.6	4.5337e-08	1.0371
178	6111.9	36.859	0.38459	1671.8	8.8804e-08	1.3066
179	6497.9	32.936	0.35903	193.47	1.2367e-07	1.1152
180	5174.5	32.717	0.33839	2661	3.3773e-08	1.2363
181	5741.6	32.892	0.28819	798.05	1.0059e-07	1.252
182	7157.4	30.191	0.28737	224.26	1.1626e-07	1.1895
183	8047	36.974	0.32167	655.27	6.1067e-08	1.4316
184	6737.4	32.558	0.54422	1384.5	5.7194e-08	1.0957
185	3310.5	28.268	0.42279	1550.9	1.2355e-07	0.43945
186	3592	35.273	0.52212	1085	2.6067e-08	1.0332
187	6149.4	37.039	0.36339	1212.2	7.4047e-08	1.3027
188	5767.6	37.639	0.45316	1458.6	1.0015e-07	1.2559
189	6758.1	32.631	0.54598	348.87	8.7822e-08	1.0605
190	3762.2	31.189	0.4751	1858	5.8504e-08	0.49023
191	6059.6	35.351	0.278	230.62	1.0741e-07	1.291
192	7047.8	31.839	0.29093	1601.6	1.1341e-07	1.4355
193	5376.2	30.447	0.33898	1129.9	7.899e-08	1.0723
194	3711.5	32.79	0.47954	2667.5	6.4658e-08	1.0371
195	3812.1	30.286	0.26713	117.39	7.7028e-08	0.45508
196	4267	32.251	0.38341	1530.4	1.2046e-07	1.041
197	4297.7	29.286	0.33553	1569.3	3.3081e-08	0.4668
198	4828.1	35.73	0.47065	727.33	3.7123e-08	1.1074
199	5402.1	33.695	0.28012	2894.6	4.3845e-08	1.6348
200	5324.2	37.727	0.26827	384.28	6.1686e-08	1.3652
201	5509.6	33.37	0.29385	1874.8	5.5528e-08	1.3652
202	7754.8	37.834	0.27311	838.63	2.7289e-08	1.6426
203	3531.3	36.082	0.40438	1504.2	1.5745e-08	1.0762
204	4023.5	34.339	0.35158	2179.4	7.5268e-08	1.1699
205	5071.1	29.735	0.46287	1808.1	1.2149e-07	0.97852
206	4567.9	34.295	0.40794	1886.5	9.3175e-08	1.127
207	7382.4	36.177	0.42897	2021.1	1.882e-08	1.3457
208	7278.2	31.788	0.51832	736.88	1.0135e-07	1.0762
209	6192.8	34.406	0.26566	1842.4	6.5155e-08	1.7012
210	3634.8	27.633	0.44323	2155.9	8.0359e-08	0.45117
211	6288.8	32.481	0.52557	208.03	1.0709e-07	1.0332
212	4009.9	29.788	0.40642	2410.4	5.4278e-08	0.49023
213	7962.2	28.436	0.36728	2474.4	8.1429e-08	1.2129
214	4219.7	38.445	0.31938	2876.1	1.1718e-07	1.5254
215	6909	33.734	0.3316	1070.4	1.1923e-07	1.2754
216	7848.3	35.188	0.53314	1309.7	1.1982e-07	1.2207
217	4967.6	36.059	0.44037	483.03	5.3655e-08	1.1152
218	2719.8	34.613	0.34056	2732.1	9.6146e-08	1.166
219	7634.3	34.085	0.29188	1005.7	5.1736e-08	1.4512
220	6343.8	35.691	0.29497	898.89	5.9974e-08	1.373
221	4191.2	37.23	0.43928	558.43	1.106e-07	1.1074
222	4455.6	32.519	0.332	2196.5	4.0799e-08	1.1582
223	2959.3	27.899	0.46346	1418.2	9.9036e-08	0.41211
224	5525.4	37.339	0.43579	692.2	1.1369e-07	1.1934
225	3468.7	31.614	0.42598	2712.6	4.8575e-08	1.0098
226	4985.1	37.791	0.53086	2496.1	1.0842e-07	1.2441
227	6774.6	33.538	0.49996	1412	2.4393e-08	1.1543
228	8002.5	29.589	0.41575	152.01	8.9177e-08	1.0684
229	8179.8	36.303	0.39597	1180.4	8.5169e-08	1.3613
230	6247.1	37.703	0.43488	994.46	2.4951e-08	1.2793
231	3169.7	31.162	0.53745	2828.1	7.0492e-08	0.95117
232	6991.8	29.124	0.52283	181.02	1.0309e-07	0.9668
233	6422.6	31.678	0.38938	1521.4	2.2175e-08	1.1504
234	4237.4	35.17	0.54622	1187.4	4.4471e-08	1.0645
235	5919.2	29.095	0.52032	2441.3	3.0285e-08	0.99414
236	6467.7	33.896	0.33631	1762.8	1.1186e-07	1.3105
237	7019.7	38.193	0.39124	2330.3	4.2975e-08	1.4473
238	4642.5	29.872	0.48631	2033	5.0919e-08	0.9668
239	2783.8	38.714	0.42097	630.7	1.6166e-08	1.0723
240	3933.8	32.375	0.36491	1285.4	1.7218e-08	1.0059
241	6172.4	32.017	0.34333	2535.1	4.5925e-08	1.2715
242	6983.2	33.423	0.5426	2812.7	9.5399e-08	1.1738
243	5338.3	38.77	0.35184	1234.6	4.9524e-08	1.3223
244	5267	32.765	0.52709	909.96	4.3537e-08	1.0332
245	2790.4	36.613	0.51437	144.77	5.259e-08	0.4668
246	7906.3	35.209	0.30471	1120.4	8.4925e-08	1.4668
247	4167.5	38.657	0.32264	2149.4	2.8332e-08	1.334
248	3088.1	30.312	0.30085	923.56	3.7867e-08	0.41992
249	6800.3	38.365	0.29905	2343.8	2.8698e-08	1.6621
250	6811.2	27.922	0.39472	915.43	1.1834e-07	1.0137
251	5099.3	36.529	0.39664	786.63	1.0227e-07	1.166
252	4737.1	34.689	0.49219	2256	1.9576e-08	1.1309
253	7583.2	33.933	0.43441	2326.6	3.4286e-08	1.291
254	3954.8	31.309	0.36939	2696.8	6.2442e-08	1.0762
255	2864.7	33.336	0.32762	291.68	1.0401e-07	0.43945
256	7738.9	30.063	0.44726	878.47	1.516e-08	1.0918
257	7671.6	35.97	0.44532	2755.8	4.1052e-08	1.377
258	7675.5	32.601	0.2901	1323.9	1.2557e-07	1.4707
259	8073.6	33.246	0.35057	2637.6	1.0362e-07	1.4316
260	5932.4	33.172	0.46148	1344.8	7.4674e-08	1.1113
261	2761.8	28.402	0.28259	674.08	4.4964e-08	0.38867
262	7074.7	36.788	0.41347	440.87	1.1896e-07	1.248
263	6881.2	32.339	0.45856	1050.7	1.2608e-07	1.1113
264	3113.2	31.448	0.3822	1918.3	1.0344e-07	0.47852
265	7033.9	27.617	0.35818	2453.4	4.8013e-08	1.1543
266	2665.2	32.307	0.43688	501.17	6.1267e-08	0.41992
267	6691.4	37.266	0.30391	2640.7	8.6265e-08	1.7012
268	5017.7	30.722	0.5207	399.86	2.0183e-08	0.49805
269	3280.7	33.837	0.34147	2101.4	1.844e-08	1.0527
270	3982.5	29.009	0.37946	2611	1.179e-07	0.99414
271	5552.6	37.599	0.41907	1056.3	1.1446e-07	1.2324
272	5272.4	36.687	0.50699	453.97	9.4918e-08	1.127
273	4657.4	37.107	0.36286	1639	1.2486e-07	1.252
274	7253.3	28.547	0.44681	60.151	1.5608e-08	0.99023
275	3679.6	27.737	0.30233	1777.3	1.6908e-08	0.41602
276	7228.2	30.883	0.38516	545.01	8.8483e-08	1.1113
277	7727.6	33.19	0.47742	2144.1	5.7491e-08	1.2168
278	5033.8	37.976	0.44806	2001	9.1746e-08	1.2637
279	3393.3	30.121	0.3477	317.41	1.1232e-07	0.42383
280	6369.5	34.206	0.41994	2607	4.2848e-08	1.2559
281	3494.3	32.877	0.26954	2293	9.0221e-08	1.4395
282	7616.6	34.724	0.35516	2751.4	4.8713e-08	1.4512
283	6711.8	35.491	0.42679	123.73	7.252e-08	1.1738
284	8030.9	33.999	0.36118	2079.7	7.1512e-08	1.3848
285	2898.3	35.007	0.50344	619.98	9.2839e-08	0.4707
286	2857.7	30.656	0.49951	957.62	1.173e-07	0.42773
287	4708.7	35.647	0.4328	1595.8	8.0988e-08	1.1504
288	4091.3	38.605	0.32849	2719.3	9.0801e-08	1.4473
289	5654.5	30.415	0.30565	1028.5	1.0473e-07	1.1426
290	4054.3	29.683	0.53248	1780.3	9.4523e-08	0.49414
291	6868.8	29.99	0.49006	2569.6	3.1622e-08	1.0801
292	3133.5	27.98	0.31663	610.27	5.349e-08	0.39258
293	6952.8	31.542	0.27444	490.17	9.6645e-08	1.3145
294	2596.5	36.28	0.31222	2053.8	6.5613e-08	1.1816
295	5863.8	37.423	0.3089	1876.8	6.4208e-08	1.4785
296	6507.5	28.859	0.32646	2938.1	1.1401e-07	1.2949
297	7476.1	30.356	0.3745	259.33	5.8019e-08	1.1074
298	7208.8	35.572	0.33055	68.312	7.0022e-08	1.2598
299	8151	36.456	0.34842	969.67	7.988e-08	1.4043
300	7392.7	32.671	0.51933	1558.7	1.098e-07	1.1348
