1	5144	35.58	0.29796	2627.8	1.1153e-07	1.1582
2	5156.7	28.56	0.32738	470.2	1.1479e-07	0.47852
3	5019.9	32.268	0.35672	299.11	1.2342e-07	0.93555
4	2776	28.825	0.35768	699.3	5.9286e-08	0.38086
5	5128.8	29.641	0.31848	531.8	1.2149e-07	0.49414
6	5309	32.125	0.41489	1128.9	6.9239e-08	0.5332
7	7941.9	32.498	0.42194	2372.1	1.242e-07	1.1152
8	6323.8	38.577	0.3364	1342.5	3.8575e-08	1.1973
9	5710.1	30.295	0.27182	157.68	1.0735e-07	0.91602
10	5817.8	32.364	0.28745	1702.7	7.6214e-08	1.0371
11	8181.1	33.871	0.48464	1824.7	1.0819e-07	1.1543
12	2721.2	32.249	0.43326	561.21	7.8403e-08	0.41602
13	3768.6	32.799	0.32699	800.9	2.9994e-08	0.46289
14	3584.1	33.539	0.46375	1508.2	1.1947e-07	0.50586
15	7172.7	37.517	0.4982	1227.1	1.2667e-07	1.2285
16	5807.9	32.766	0.49119	1741.5	4.3387e-08	1.0137
17	6944.4	37.992	0.53805	2919.5	5.637e-08	1.2793
18	6066.6	31.274	0.50459	2611.9	2.5403e-08	0.98242
19	7721.2	30.239	0.54532	1529.6	7.4728e-08	1.0098
20	7814.8	31.517	0.38798	2747.3	1.4494e-08	1.0254
21	7846.4	32.671	0.45037	2590.7	5.7717e-08	1.1035
22	3647.3	30.12	0.26987	602.38	9.0686e-08	0.44727
23	3676	36.398	0.46025	1450.3	1.1146e-07	1.0605
24	7935	35.97	0.42953	916.11	1.8788e-08	1.1504
25	5693.3	28.78	0.50644	1329.8	1.2382e-07	0.90039
26	7311.9	35.993	0.50421	170.06	8.2064e-08	1.1348
27	5850.1	29.797	0.27605	660.99	1.1627e-07	0.93164
28	5909.8	28.774	0.43086	927.31	1.0711e-07	0.88867
29	6599.7	37.688	0.34132	95.201	7.1019e-08	1.1504
30	4408.5	36.931	0.44386	2258.2	3.6152e-08	1.0957
31	3913.5	34.567	0.48758	893.93	8.9008e-08	0.50586
32	4002.9	27.816	0.31097	2127.8	1.2501e-07	0.4707
33	6003.8	32.726	0.32165	1465.3	2.795e-08	1.002
34	3316.8	29.623	0.30397	2838.9	3.6501e-08	0.43945
35	4597.1	37.308	0.28577	724.19	9.3514e-08	1.0879
36	2820.1	32.906	0.30649	2732.6	1.9318e-08	0.43555
37	3793.3	37.752	0.31317	2451	1.261e-07	1.1543
38	4826.2	34.055	0.50204	571.83	2.7158e-08	0.51367
39	4719	36.829	0.37969	1421	3.5719e-08	1.0723
40	5253	34.879	0.49246	1262.5	1.0616e-07	1.0645
41	6269.7	34.432	0.44197	2193.8	2.1172e-08	1.0645
42	7051.3	33.994	0.51209	610.28	5.0683e-08	1.0684
43	3021.7	29.311	0.39473	941.85	1.2041e-07	0.4082
44	3579.5	30.613	0.26731	289.72	9.4655e-08	0.44336
45	4858.4	38.074	0.41864	2516.5	7.1646e-08	1.1855
46	5773.2	30.508	0.38305	267.42	2.0401e-08	0.9043
47	6354.8	30.999	0.51266	692.51	7.6434e-08	0.96289
48	4645.1	37.143	0.44879	2658	1.4057e-08	1.0723
49	6808.7	36.773	0.42478	2608.6	5.1746e-08	1.2012
50	2801.6	35.112	0.29442	2633	1.1792e-07	1.0371
51	5204.4	30.024	0.50172	2103.1	3.003e-08	0.9082
52	3421.9	36.188	0.32077	1830	2.4089e-08	0.49805
53	2645.1	32.571	0.28859	1911.8	6.1533e-08	0.45117
54	4032.4	38.453	0.30485	1245.7	1.2272e-07	1.123
55	6114.1	35.858	0.46863	857.75	1.0131e-07	1.1113
56	3298.9	34.092	0.34653	2350.6	1.0298e-07	0.52539
57	2940.4	34.125	0.46916	2320.7	1.0395e-07	0.51367
58	7983.2	34.636	0.3237	2902.9	5.0253e-08	1.2012
59	7547	38.154	0.54488	493.07	3.2345e-08	1.2129
60	5073.5	27.644	0.3102	2211.6	6.3422e-08	0.49805
61	6637.1	29.971	0.39002	784.38	9.8064e-08	0.94336
62	7779.8	33.623	0.52198	2039.8	7.4015e-08	1.1309
63	7494.1	38.239	0.51481	1952.1	1.0176e-07	1.2871
64	6582.8	37.11	0.40862	2095.8	8.6309e-08	1.2051
65	6160.3	37.212	0.38036	2511.7	5.496e-08	1.1855
66	3501.8	36.354	0.26506	1386	1.2324e-07	1.0684
67	5861.1	30.705	0.52993	242.44	4.8184e-08	0.91992
68	5623.6	29.414	0.35478	223.88	1.1213e-07	0.49805
69	4111.4	30.081	0.39321	1527.9	3.8802e-08	0.45898
70	7576.5	27.855	0.48544	2559.2	1.6694e-08	0.91992
71	6010.8	34.844	0.45566	1375.5	9.8723e-08	1.0918
72	4640	35.284	0.30899	1050.6	4.8807e-08	1.0215
73	8042.2	32.326	0.42767	1014.9	4.4601e-08	1.0566
74	7091.5	34.962	0.33165	1615.2	7.2142e-08	1.1348
75	6967.5	38.319	0.46639	1688.9	3.8345e-08	1.2285
76	7794.4	28.12	0.52265	2276.1	6.9448e-08	0.96289
77	4664.8	33.964	0.50288	127.24	8.7776e-08	0.50195
78	5048.4	28.606	0.31481	2178.8	2.6062e-08	0.47852
79	2832.5	34.77	0.33495	715.24	3.3494e-08	0.44727
80	3718.8	31.66	0.51394	1731.8	6.3806e-08	0.48242
81	4436.7	29.228	0.46976	1107.8	1.1073e-07	0.4707
82	7913.3	32.453	0.47744	2332.2	9.5649e-08	1.1074
83	4578.2	31.641	0.52868	2688.8	6.8888e-08	0.97461
84	4944.3	28.425	0.4095	1118.5	6.0833e-08	0.4707
85	4785.2	35.452	0.3699	730.57	1.1698e-07	1.0371
86	4342.7	38.108	0.30148	961.03	6.0575e-08	1.0996
87	5958.9	31.366	0.49022	2041.5	1.0791e-07	1.0059
88	7594.6	33.114	0.54298	2546.8	4.9019e-08	1.1113
89	6054.6	31.617	0.47638	2716	6.5811e-08	1.0215
90	6469	31.065	0.52477	625.12	1.0912e-07	0.9707
91	5246.1	33.855	0.28436	1273.1	8.1103e-08	1.0371
92	3240.8	29.539	0.42361	2572.6	1.123e-07	0.4707
93	4846.9	35.182	0.41704	551.91	1.0377e-07	1.0254
94	5089.1	37.748	0.31128	793.96	6.4636e-08	1.1152
95	7218.7	27.659	0.37823	1887.3	1.0583e-07	0.92383
96	3045.9	31.131	0.38616	2246.6	4.5634e-08	0.44336
97	3170.2	37.369	0.40161	1396.5	3.7397e-08	1.0293
98	4427.5	29.348	0.34379	2469.1	9.7189e-08	0.89258
99	4309.9	29.489	0.47153	390.24	9.2355e-08	0.44336
100	7524.8	28.187	0.48157	2760.2	7.8976e-08	0.9668
101	6973.4	30.489	0.48318	886.47	2.3868e-08	0.95898
102	3682.3	37.88	0.35038	2228.4	4.2865e-08	1.0879
103	3559.2	31.576	0.45774	987.18	9.0587e-08	0.45898
104	4611	28.927	0.5092	1309.2	1.2189e-07	0.48242
105	2684.2	28.657	0.5313	877.85	3.6894e-08	0.37695
106	6820.3	33.281	0.47615	1283.9	5.6652e-08	1.0566
107	6565.1	28.514	0.49414	1932.4	6.5376e-08	0.92383
108	7897.9	27.884	0.3767	1873.3	9.6923e-08	0.95117
109	5644.8	33.158	0.44487	2773.7	1.6234e-08	0.54883
110	5460	29.203	0.53334	2486.1	2.8325e-08	0.9043
111	6095.9	35.729	0.49514	362.19	1.1867e-07	1.0918
112	3142.5	28.053	0.47509	1697	2.1929e-08	0.39258
113	5536.1	35.789	0.39544	2536.1	5.2261e-08	1.1152
114	7973.8	29.928	0.29363	1919	5.874e-08	1.0566
115	2918.4	28.393	0.41125	2440.9	7.7147e-08	0.42773
116	4492.5	30.221	0.34854	432.69	3.3035e-08	0.45898
117	4290.6	38.529	0.27143	642.52	2.501e-08	1.0996
118	3070.3	28.95	0.38267	2027.6	2.698e-08	0.40039
119	3484	36.923	0.53755	1371.7	5.5578e-08	1.0566
120	4691.7	36.809	0.4996	1993.8	5.9876e-08	1.1191
121	8107.7	36.141	0.37142	541.48	9.5423e-08	1.1738
122	2612.1	27.703	0.48759	1034.5	8.6888e-08	0.37305
123	5911.5	28.983	0.31614	305.71	6.7023e-08	0.87695
124	2579.4	35.918	0.44277	2894.4	1.1316e-07	1.0566
125	4809.1	31.7	0.36127	1988.9	4.1326e-08	0.51367
126	5579.3	33.231	0.34595	2478.3	7.5784e-08	1.0488
127	7031.7	28.096	0.30227	1660.2	7.8831e-08	0.95117
128	3274.4	29.874	0.27714	835.24	3.7947e-08	0.41992
129	3702	31.788	0.27865	1287.7	5.7596e-08	0.47461
130	5947.6	31.937	0.29721	2736.5	1.956e-08	1.0137
131	7239.1	29.457	0.32821	1618.3	7.3946e-08	0.97461
132	6908	36.499	0.33754	2523.8	8.3701e-08	1.2129
133	6933.1	31.732	0.4028	1166.7	7.5438e-08	1.0098
134	4086	37.289	0.44032	263.65	2.2573e-08	1.0332
135	6148.3	35.419	0.40509	519.04	3.549e-08	1.0684
136	4262.1	30.456	0.39732	254.77	6.3257e-08	0.44727
137	7454.2	28.343	0.5066	671.1	8.4484e-08	0.92383
138	2896.9	35.66	0.30267	484.58	2.8866e-08	0.45898
139	6737.3	28.223	0.43207	815.87	1.0009e-07	0.89648
140	3745.6	38.738	0.35935	106.07	1.4242e-08	1.0605
141	6199	36.296	0.37503	614.48	1.032e-07	1.1113
142	6889.6	37.615	0.36666	1364.7	2.7567e-08	1.1777
143	4490.5	37.934	0.35137	2216.4	6.2944e-08	1.1387
144	6339.5	38.652	0.44975	187.67	8.5176e-08	1.1816
145	2923.9	30.847	0.49656	1258.3	3.0453e-08	0.41602
146	4073.5	38.571	0.32979	421.8	7.3065e-08	1.0879
147	3541	34.812	0.41573	2796.4	1.0632e-07	1.0449
148	5879.4	32.018	0.32326	1097.8	1.2542e-07	0.56836
149	3007.3	32.385	0.41275	2888.3	1.2711e-07	0.95508
150	6479.3	37.969	0.45367	747.59	4.6387e-08	1.1738
151	7365.7	33.676	0.45981	1058.6	6.2175e-08	1.084
152	7001.9	37.423	0.29593	2422.8	8.8164e-08	1.2871
153	8021.8	31.304	0.40738	1958.5	3.4223e-08	1.0371
154	7009.6	33.364	0.37753	462.64	9.8573e-08	1.0449
155	6431.3	36.228	0.27493	1546.2	8.0463e-08	1.1973
156	5742.9	28.531	0.2895	1964.9	6.6503e-08	0.92773
157	3127.6	28.448	0.36289	1838.9	4.3851e-08	0.4043
158	4151.3	27.988	0.38493	447.09	1.1829e-07	0.42773
159	7519.7	34.045	0.43696	2147.6	1.1881e-07	1.1465
160	3954.4	36.707	0.36753	1562.5	4.0554e-08	1.0449
161	5673.9	27.746	0.54626	2113.1	2.08e-08	0.49805
162	5439.8	32.1	0.40368	1555.4	3.9891e-08	0.53711
163	2707.1	37.156	0.44734	1767.6	6.7884e-08	1.041
164	4179.1	30.921	0.27761	1215.6	6.1291e-08	0.48633
165	6396.2	31.211	0.5413	321.37	1.1357e-07	0.9668
166	3220.4	33.672	0.38425	1857.8	1.1577e-07	0.50195
167	6277.3	34.373	0.46426	958.09	5.9036e-08	1.0645
168	5036	38.211	0.31728	869.26	1.1098e-07	1.1387
169	7610.7	29.166	0.2728	814.93	6.2383e-08	1.002
170	3836.7	33.445	0.41339	2768.2	8.385e-08	1.002
171	4231.2	37.018	0.4865	2342.8	1.1975e-07	1.1465
172	4871	35.276	0.51688	1084.6	7.7407e-08	1.0527
173	5302.6	28.155	0.36424	658.68	8.3006e-08	0.47852
174	3186.7	37.849	0.40629	1454.2	1.1652e-07	1.084
175	3880.3	28.737	0.43402	332.26	8.4914e-08	0.41602
176	6188.7	35.626	0.35431	1433.3	1.0083e-07	1.1191
177	3888.8	30.972	0.39385	91.274	1.0856e-07	0.43555
178	7651.5	36.424	0.47305	2386.6	6.5091e-08	1.2246
179	7414.4	34.987	0.47977	1352.7	1.8492e-08	1.1113
180	7277.7	36.043	0.45458	1485.6	2.1353e-08	1.1426
181	6693.3	32.605	0.33919	2695.7	1.0227e-07	1.0918
182	5101.6	36.573	0.54348	119.57	5.6122e-08	1.0645
183	4988.5	30.678	0.34244	2066.6	7.3561e-08	0.93164
184	7474.6	31.85	0.36353	2499.6	4.6229e-08	1.0566
185	7439	27.936	0.52797	1154.3	4.3077e-08	0.91602
186	6663.6	31.176	0.5364	1725	4.6716e-08	0.99805
187	3785.6	34.317	0.42083	2783.2	1.0681e-07	1.041
188	5435.1	27.771	0.26429	2460.2	1.1268e-07	1.0059
189	2966.9	33.399	0.33047	1774.9	3.1399e-08	0.45117
190	6038.1	36.974	0.52043	2014.8	5.3692e-08	1.1777
191	4556.5	30.898	0.37591	1719.9	1.0043e-07	0.91992
192	8096.6	35.215	0.47848	2138.9	5.4271e-08	1.1855
193	3084.8	38.77	0.29945	356.1	4.7154e-08	1.041
194	5229	27.583	0.39639	2263.6	3.4769e-08	0.48242
195	5183.7	29.151	0.44653	454.7	8.0407e-08	0.47852
196	2866.3	36.525	0.43181	1974.5	7.0732e-08	1.0332
197	4531.2	38.626	0.37192	1404.9	4.1814e-08	1.127
198	4708.2	34.916	0.3003	1513.5	6.6139e-08	1.0371
199	7679	38.278	0.2963	131.89	1.5517e-08	1.2168
200	4743	31.502	0.35265	2287.7	9.0137e-08	0.95898
201	7705.1	33.207	0.48027	2234.7	9.204e-08	1.123
202	3356.6	35.333	0.36517	937.37	2.2174e-08	0.4707
203	6775.2	34.589	0.53047	194.8	4.9689e-08	1.0684
204	7866.7	36.858	0.43625	1641.5	1.0984e-07	1.2324
205	2759.8	32.053	0.51077	2408.5	3.9318e-08	0.45898
206	4049.5	35.765	0.39815	1680.9	8.9578e-08	1.0488
207	3964.8	37.244	0.32449	511.92	9.7756e-08	1.0449
208	4898.5	35.516	0.28502	1135.7	1.2245e-07	1.0723
209	7330.4	30.566	0.52702	682.78	5.1114e-08	0.97852
210	6621.8	31.334	0.48285	1576.4	9.2629e-08	1.0098
211	2619.8	29.76	0.51933	2915.3	4.8352e-08	0.43945
212	3626.5	32.872	0.44046	77.253	4.4854e-08	0.44336
213	3810.5	31.44	0.31242	2843.3	2.5782e-08	0.4668
214	3859.2	33.741	0.39962	1577.4	9.3274e-08	0.51367
215	7762.2	36.264	0.52355	1002.3	1.5217e-08	1.1543
216	8011	36.465	0.45292	1497.5	1.1023e-07	1.2207
217	3391.3	33.022	0.35592	2358.5	9.4245e-08	0.50977
218	5497.9	38.179	0.40687	1671.2	3.5075e-08	1.1582
219	8199.5	33.899	0.37424	279.23	1.1552e-07	1.0996
220	5657.5	32.982	0.36871	991.75	9.9439e-08	1.002
221	3347.8	36.679	0.28132	853.26	1.8066e-08	0.49805
222	6130.8	33.334	0.41968	2295	8.6825e-08	1.0684
223	5976.6	38.389	0.45922	1473	1.2118e-07	1.2207
224	7628.5	32.409	0.3816	1072.9	3.1867e-08	1.041
225	4467.7	29.4	0.36102	373.88	5.1301e-08	0.44727
226	7393.3	29.3	0.45664	1602.8	2.2955e-08	0.94727
227	4214.8	34.288	0.42263	2865.6	1.5762e-08	0.50195
228	2734	35.827	0.28085	1423.4	6.4484e-08	0.48633
229	5271.6	29.108	0.51662	1234.9	7.0432e-08	0.88477
230	6843.7	34.418	0.26861	1302.5	4.1475e-08	1.1465
231	6508.6	31.977	0.41915	632.6	8.3288e-08	0.56836
232	7734.4	31.137	0.49717	1151.9	6.0273e-08	1.0215
233	6373	33.078	0.30826	2684.2	6.7938e-08	1.0996
234	4365.2	37.545	0.2735	2807.9	1.7138e-08	1.1309
235	7203.3	33.064	0.53435	2670.5	7.6935e-08	1.1152
236	6539	37.579	0.34174	350.29	8.1355e-08	1.1543
237	6862.5	34.697	0.28362	2936.2	8.5915e-08	1.2559
238	5790.4	32.644	0.42552	2123	5.8122e-08	1.0176
239	8071.8	31.426	0.26878	409.8	5.4656e-08	1.0723
240	3249.6	33.807	0.48934	146.02	8.177e-08	0.44336
241	6244.4	29.825	0.39158	2073.5	5.3196e-08	0.94336
242	5598.2	35.478	0.40021	2078.9	1.0437e-07	1.1191
243	5557.9	33.786	0.4162	1197.3	1.2673e-07	1.0371
244	2989.8	36.153	0.46585	828.9	6.7386e-08	0.48242
245	8142.3	32.839	0.47398	585.13	9.4938e-08	1.0762
246	4961.4	29.024	0.51836	2643.2	1.1396e-07	0.91992
247	5517.6	28.292	0.26614	772.45	4.5506e-08	0.88867
248	3606	30.154	0.34948	498.22	3.3226e-08	0.41992
249	3927.4	30.413	0.31531	2877.4	1.0248e-07	0.93164
250	8056.2	38.701	0.51497	2826	1.2012e-07	1.3652
251	5478.3	36.642	0.49202	165.94	8.9198e-08	1.084
252	5406.2	35.388	0.38884	977.62	4.4301e-08	1.0527
253	3515.1	28.863	0.34766	2434.2	7.807e-08	0.45508
254	2532	32.531	0.34505	1782.8	4.0695e-08	0.42773
255	5383.1	35.075	0.35878	1203.7	2.3386e-08	1.0332
256	4122.9	34.722	0.44514	418.33	5.6949e-08	0.49805
257	7076.4	31.047	0.33296	62.102	8.2341e-08	0.9707
258	6456.9	35.137	0.46191	2857.6	9.614e-08	1.166
259	8159.3	35.586	0.43856	2302.1	1.2446e-07	1.2246
260	5374.1	29.68	0.53982	2403	2.9493e-08	0.91211
261	4526.3	29.727	0.46294	2564.9	4.9731e-08	0.89648
262	4383.9	34.529	0.33785	2200.5	3.3837e-08	1.002
263	6708.6	35.9	0.49427	64.658	7.9761e-08	1.1035
264	6789.3	34.272	0.52621	2714	3.2242e-08	1.1152
265	6533.9	37.469	0.5325	1757.8	9.9217e-08	1.2207
266	3155.1	30.776	0.40199	1895.5	7.4968e-08	0.45117
267	3465.7	34.177	0.49988	1593.2	9.1098e-08	0.50977
268	7835.6	32.216	0.53945	1086.9	6.8337e-08	1.0605
269	4194.7	36.07	0.43501	2812.6	1.152e-07	1.123
270	7338.3	33.502	0.34014	2053.8	8.7325e-08	1.1152
271	6228.4	37.815	0.42692	576.54	1.0502e-07	1.166
272	3399	28.691	0.39065	906.94	8.8742e-08	0.41211
273	5344.2	30.356	0.29143	1811.9	1.0522e-07	0.96289
274	5740.3	30.81	0.37305	204.8	8.5565e-08	0.91602
275	6758.4	30.198	0.32025	1797.6	2.8943e-08	0.9707
276	7132.1	33.578	0.46761	1317.8	1.0944e-07	1.0918
277	4280.7	35.022	0.28808	2392.2	7.9556e-08	1.0801
278	2861.3	37.054	0.28232	1876.2	7.2536e-08	1.0449
279	4910.6	28.277	0.32579	2165.1	1.1443e-07	0.88086
280	6300.2	30.6	0.50972	1647.3	4.7617e-08	0.9668
281	3435.9	31.823	0.42871	2938.8	3.1046e-08	0.47461
282	7154.2	29.062	0.27949	2310.9	1.0114e-07	1.0645
283	2657.1	34.201	0.4523	2170.6	1.6986e-08	0.43945
284	7198.4	34.673	0.38698	1174.4	4.2194e-08	1.0996
285	4758.6	30.332	0.35331	764.58	2.6329e-08	0.4707
286	7107	38.358	0.30608	1626.9	9.16e-08	1.2676
287	6420.2	32.159	0.29131	1021.9	3.9587e-08	1.0137
288	7384.7	33.475	0.36858	2004.8	1.1749e-07	1.1152
289	3336.9	30.736	0.53554	740.88	1.7595e-08	0.41602
290	7272	36.614	0.43838	1847.8	5.3114e-08	1.1934
291	5327.4	29.583	0.4719	341.12	2.0016e-08	0.47852
292	6670.5	27.999	0.29242	399.39	1.2076e-07	0.89258
293	2588.8	31.898	0.31933	214.25	9.6626e-08	0.40039
294	4146.8	37.405	0.45137	1045.5	5.5209e-08	1.0762
295	4970.6	38.491	0.3343	2589.5	9.3903e-08	1.2168
296	3996.1	34.466	0.33281	233.13	2.4657e-08	0.48242
297	4327.6	38.039	0.50768	1940.5	5.2537e-08	1.1426
298	7664.9	32.96	0.54164	2648.1	7.2034e-08	1.123
299	3106.1	29.982	0.52079	1807.8	1.2581e-07	0.45117
300	2559.8	37.67	0.41067	1188.5	7.0053e-08	1.0215
1	5920.3	35.686	0.50797	1759.3	1.5524e-08	1.0801
2	4308.2	28.666	0.54673	703.74	1.0357e-07	0.44727
3	3607.3	31.001	0.41015	1546.4	8.859e-08	0.4668
4	2704.6	32.362	0.43672	2001.8	6.9541e-08	0.45898
5	6798.4	28.597	0.53421	2826.1	5.2039e-08	0.95117
6	4071.7	35.856	0.42854	313.41	1.146e-07	1.0098
7	3827.3	37.72	0.28716	1103.9	6.4016e-08	1.0723
8	4522.1	32.482	0.36981	598.48	1.0227e-07	0.49414
9	4299.1	30.902	0.40243	2895.9	1.1828e-07	0.95508
10	3857.2	35.251	0.28935	1030.6	8.4897e-08	1.002
11	6406.1	38.189	0.44944	120.36	4.2318e-08	1.1582
12	6866	35.643	0.37476	1351.6	7.1992e-08	1.1348
13	3777.1	31.591	0.36836	2868.2	7.8427e-08	0.93555
14	3025.6	34.194	0.26642	799.35	3.1078e-08	0.46289
15	2974.4	34.912	0.48438	2666	3.1169e-08	0.50195
16	7753	37.029	0.29483	285.6	1.1349e-07	1.1934
17	4710.1	38.553	0.43417	1175.8	1.2379e-07	1.1621
18	5031.4	29.629	0.52736	2255.5	1.2328e-07	0.93164
19	7237	36.402	0.44366	2103.8	1.8084e-08	1.1543
20	7062.2	37.556	0.39319	2679.9	2.2172e-08	1.2012
21	7161.5	36.886	0.50525	1904.9	8.21e-08	1.2207
22	4815.5	30.55	0.52031	56.944	7.769e-08	0.4668
23	7630	30.262	0.54546	2073.3	5.4789e-08	1.0137
24	5821.8	37.147	0.50327	1989.3	6.1071e-08	1.1738
25	3193.5	29.215	0.31857	2582.7	9.2787e-08	0.45898
26	7142.3	38.221	0.45111	1362.1	5.824e-08	1.2324
27	7470.7	38.127	0.30532	1426.1	3.0008e-08	1.2363
28	5740	35.989	0.34448	2699.9	1.9674e-08	1.0918
29	6062.9	29.495	0.26433	2907.3	4.8436e-08	1.0918
30	3321.3	27.808	0.44536	711.78	1.0436e-07	0.39648
31	6939.6	33.866	0.40462	2406.7	5.2897e-08	1.0996
32	2767.1	35.409	0.2932	845.39	3.7877e-08	0.45898
33	7018.6	33.033	0.39545	1858.3	5.4442e-08	1.0645
34	6667.9	34.747	0.42577	1343.3	9.5918e-08	1.1074
35	4581.9	34.382	0.46903	2324.8	1.094e-07	1.0605
36	7962.5	35.528	0.49319	2869.8	4.9714e-08	1.209
37	4332.4	31.789	0.38981	2859	1.1242e-07	0.97852
38	7682.1	29.349	0.30706	418.86	8.9705e-08	0.96289
39	5958.9	36.764	0.39901	1635	1.8301e-08	1.1074
40	3349.9	28.876	0.43362	63.111	8.5497e-08	0.38867
41	4627.3	34.011	0.36229	1493	1.101e-07	1.0098
42	7504.1	38.27	0.50048	1382.3	1.4453e-08	1.2129
43	6566.2	38.399	0.39117	1562.3	4.2021e-08	1.209
44	7231.7	30.837	0.47286	2807	1.1909e-07	1.0527
45	4654.4	29.114	0.43222	2552.1	2.1876e-08	0.4707
46	8113.5	29.449	0.29369	1664	1.2654e-07	1.0527
47	7656.1	30.727	0.38715	2125.2	8.3851e-08	1.0332
48	4935.9	29.697	0.39448	2778.5	1.2042e-07	0.93555
49	4142.4	32.759	0.36484	2043.8	1.0584e-07	0.5293
50	3581.3	36.42	0.54128	2396.2	1.2715e-07	1.1074
51	6127.4	31.058	0.33554	2470.2	2.718e-08	0.97461
52	3598.9	36.023	0.34729	747.49	1.014e-07	1.002
53	7951.3	33.797	0.49713	1479.4	6.1419e-08	1.1191
54	4051.1	36.979	0.47971	860.18	6.3198e-08	1.0605
55	4804.8	34.978	0.52164	248.3	1.1719e-07	1.0137
56	4281.6	31.467	0.34035	388.35	8.3024e-08	0.4668
57	7770.5	32.247	0.33443	2189.6	1.2301e-07	1.1074
58	5862.5	30.095	0.44168	836.22	2.8134e-08	0.9043
59	5307.5	35.029	0.31451	153.75	3.6726e-08	1.0176
60	3145.9	28.441	0.40839	1613.6	3.9991e-08	0.4043
61	6617.4	36.457	0.39855	2216.1	2.3101e-08	1.1387
62	7552.6	37.639	0.27477	822.82	9.3043e-08	1.252
63	5519.2	30.063	0.44702	989.24	5.3921e-08	0.9043
64	5716.4	34.159	0.31187	1619.9	1.1165e-07	1.0723
65	7120.9	28.07	0.33111	1579	5.7432e-08	0.92773
66	3902.4	27.928	0.51957	780.73	3.5787e-08	0.41602
67	5336	28.356	0.2715	615.27	5.5773e-08	0.49805
68	4233.2	32.424	0.48205	786.48	2.4502e-08	0.47461
69	4680.1	37.702	0.525	506.71	1.27e-07	1.1074
70	7715.2	36.782	0.42305	1277.4	3.8494e-08	1.1895
71	4128.4	32.655	0.47639	2782.9	1.2461e-07	1.0098
72	6040	32.974	0.37584	553.53	9.0185e-08	1.002
73	6733.2	35.194	0.38813	84	4.9213e-08	1.0762
74	4216.3	34.49	0.51567	909.03	5.1832e-08	0.51367
75	7323	33.347	0.33768	107.98	5.645e-08	1.0449
76	3717	34.9	0.29856	1072.1	1.163e-07	0.51758
77	3395.5	34.621	0.513	573.02	4.9874e-08	0.4707
78	5120.7	31.89	0.5386	2366.6	6.7084e-08	0.99414
79	5283.4	32.016	0.31633	145.6	1.0196e-07	0.51367
80	4727.6	31.558	0.41852	337.07	1.6156e-08	0.47461
81	3870.9	32.96	0.27722	2692	8.827e-08	1.0371
82	4792.3	28.939	0.35676	2050.3	3.2079e-08	0.47461
83	6697.6	33.764	0.49517	893.2	1.0032e-07	1.0684
84	4614.9	38.123	0.5313	2482.5	2.5137e-08	1.1504
85	7035.5	31.171	0.37746	2155.7	5.7171e-08	1.0176
86	2622.5	35.325	0.36921	2433.9	4.6475e-08	0.48633
87	7739.9	38.346	0.31075	1294.6	8.7484e-08	1.2715
88	6150.3	28.11	0.30336	2422.6	9.2245e-08	0.94727
89	3926.2	29.532	0.28827	1327.5	1.5212e-08	0.43555
90	6925.8	29.591	0.37147	95.189	9.4689e-08	0.92383
91	7139.2	35.104	0.48637	1568.2	6.5748e-08	1.1387
92	7902	36.911	0.48986	1829.8	1.0728e-07	1.248
93	5879.6	32.716	0.41727	1806.2	9.8043e-08	1.0293
94	7436.2	35.765	0.46182	684.71	5.8523e-08	1.1387
95	5575.8	31.525	0.514	1523	8.8845e-08	0.97852
96	2579.7	35.842	0.46058	1136.3	1.0067e-07	0.47852
97	2792.5	30.917	0.27655	283.13	5.7944e-08	0.4082
98	6360.4	34.079	0.33344	191.02	1.7429e-08	1.0293
99	6247	37.95	0.5438	465.36	8.5038e-08	1.1738
100	7103.3	35.469	0.32053	345.48	3.2746e-08	1.1074
101	4915.7	30.619	0.40053	1455.3	6.9879e-08	0.91211
102	2859.6	29.334	0.53732	979.72	6.6766e-08	0.40039
103	7523	33.13	0.34567	1529.2	6.8401e-08	1.084
104	4967.9	35.288	0.32579	2340.4	8.3828e-08	1.0918
105	5507.5	30.014	0.28001	1166.8	4.5266e-08	0.93164
106	6817.8	29.758	0.41036	1599.6	4.1508e-08	0.94727
107	3174.4	32.863	0.35392	2128.8	4.4849e-08	0.4668
108	3798	28.376	0.44053	518.56	4.399e-08	0.41211
109	3684	33.981	0.42219	752.17	3.6201e-08	0.47461
110	6709.1	37.857	0.46435	427.08	6.2453e-08	1.1738
111	3541.4	33.281	0.35796	951.31	1.1986e-07	0.47852
112	4443.1	29.13	0.45028	1976.5	1.0105e-07	0.49414
113	3114.6	32.08	0.38927	1996.1	9.1714e-08	0.47461
114	4420.9	31.376	0.43559	2757	9.34e-08	0.96289
115	6389	31.92	0.33575	2636	2.1651e-08	1.0059
116	7447.4	37.172	0.38418	1892.2	9.8623e-08	1.2324
117	6838.2	33.969	0.29553	77.591	7.353e-08	1.0488
118	5456.1	32.174	0.38213	493.45	3.509e-08	0.51758
119	2615.4	29.667	0.35039	973.39	1.0565e-07	0.39648
120	5166.3	35.078	0.46286	679.46	2.1243e-08	1.0176
121	4555.2	28.506	0.35907	661.5	7.7913e-08	0.45117
122	4183.5	30.323	0.51069	299.21	9.1317e-08	0.44727
123	4993.5	35.695	0.30643	1187.8	1.1127e-07	1.0723
124	7371.1	37.477	0.35226	127.79	4.0386e-08	1.1699
125	7360.1	30.816	0.31584	2096.9	3.1645e-08	1.0215
126	5081.4	30.718	0.45813	1676.6	1.9972e-08	0.49414
127	3013	33.457	0.54443	814.88	2.0257e-08	0.43945
128	6513.5	30.39	0.50411	1161.8	1.0805e-07	0.9668
129	2951.8	37.871	0.3487	1903.4	1.4052e-08	1.002
130	8098.2	34.216	0.38474	2641.5	9.9838e-08	1.1816
131	2550.4	36.287	0.38326	2031.7	3.4923e-08	0.47852
132	6095.7	31.628	0.29017	394.52	7.9833e-08	0.55273
133	7855.1	27.987	0.51738	939.78	1.0483e-07	0.93555
134	4603.6	32.618	0.43573	1727.8	3.9325e-08	0.51367
135	5471.9	34.82	0.48531	1501.8	2.3766e-08	1.041
136	4262.9	38.289	0.49833	500.32	7.8773e-08	1.0996
137	6761.7	37.587	0.44294	482.44	2.7781e-08	1.1582
138	3972.7	31.238	0.50601	2610.5	3.5384e-08	0.49414
139	5183.5	34.112	0.33019	2819.5	4.4201e-08	1.0527
140	3034.8	34.652	0.43887	1917.8	1.0523e-07	0.50977
141	7405.4	27.685	0.50873	2333.6	9.4001e-08	0.94336
142	5289.6	27.802	0.42649	355.17	6.8249e-08	0.46289
143	2904.7	32.141	0.38097	2491.6	1.1741e-07	0.49023
144	3419.2	34.263	0.48742	1005.6	5.3826e-08	0.47852
145	5478.9	29.381	0.51172	2203.6	3.3995e-08	0.9043
146	5608.1	37.292	0.37317	886.53	1.2516e-07	1.1348
147	5045.8	36.24	0.34947	2381.3	3.7171e-08	1.0918
148	4886.8	32.834	0.32874	1651.4	1.6939e-08	0.50586
149	3278.2	38.711	0.50706	2655.7	8.0848e-08	1.1699
150	3260.9	37.92	0.32486	2672.9	3.3106e-08	1.0684
151	3557.2	28.2	0.43091	2532.1	7.2247e-08	0.45117
152	4762.1	28.831	0.52574	2620.9	6.0229e-08	0.88867
153	6462.2	33.443	0.4251	2528.6	1.1062e-07	1.0996
154	5936.5	28.908	0.2699	769.34	7.9309e-08	0.92383
155	3997.9	29.255	0.41581	1715.3	1.2616e-07	0.47461
156	4478.2	36.822	0.47745	1010.1	1.0265e-07	1.0879
157	4354.3	34.992	0.53569	2506.2	8.6986e-08	1.0801
158	5757.4	28.733	0.33229	1822.2	1.041e-07	0.9082
159	2827.3	29.725	0.42741	1442.7	1.2137e-07	0.42383
160	8162.7	38.433	0.5303	1971.5	1.7787e-08	1.2637
161	4501.2	28.569	0.32394	2946.3	4.3205e-08	0.48242
162	3472.5	33.682	0.47418	220.28	5.5814e-08	0.45117
163	2597.7	38.501	0.40628	583.22	7.2751e-08	1.0293
164	2688.1	36.18	0.27408	2887.2	5.0903e-08	1.0527
165	6179.6	38.484	0.44844	1629.3	6.4328e-08	1.2168
166	8037.8	30.358	0.53606	1304.3	2.5961e-08	1.002
167	6972	29.929	0.39136	2920.4	7.0611e-08	1.002
168	4847.8	27.71	0.4719	2149.7	2.8981e-08	0.4668
169	5693.3	37.045	0.2847	1242.3	8.0081e-08	1.1543
170	4102.6	34.33	0.39695	1060.9	9.4977e-08	0.51367
171	3769.4	38.597	0.53774	469.19	1.9194e-08	1.0684
172	4691.8	36.098	0.42922	1736	3.7559e-08	1.0645
173	6524.8	32.208	0.34379	1207.5	9.6527e-08	1.0176
174	6602	31.261	0.43844	370.76	1.5733e-08	0.95508
175	6340.3	38.622	0.28313	408.28	1.0663e-07	1.1973
176	3512	28.047	0.41396	1227.7	5.0605e-08	0.41211
177	8000.4	35.556	0.29957	1884.2	9.7408e-08	1.2324
178	6171.4	34.539	0.52888	759.75	7.1681e-08	1.0645
179	6538	33.202	0.40712	164.18	6.9143e-08	1.0137
180	2730.4	35.933	0.30867	1952.5	6.2772e-08	0.49805
181	5556.7	34.589	0.34682	1197.6	9.1905e-08	1.0527
182	4469.7	33.155	0.52707	2317.5	4.7693e-08	0.54492
183	5374.2	30.459	0.26861	2448.5	6.3475e-08	1.0371
184	6453.3	28.981	0.50202	967.36	7.1199e-08	0.91211
185	4963.2	36.696	0.3514	2024.9	1.1511e-07	1.1348
186	3667	37.509	0.40106	2289	5.3189e-08	1.0918
187	6197.7	30.677	0.39389	699.19	6.172e-08	0.93945
188	2993.9	27.765	0.41167	1930.9	1.2075e-07	0.41992
189	7210.6	29.268	0.46551	870.76	6.6167e-08	0.94336
190	5209	38.742	0.29757	1393.9	8.1896e-08	1.1855
191	5675.3	35.14	0.44635	1776.9	1.2166e-07	1.1074
192	7482.6	35.587	0.49948	1056.1	6.476e-08	1.1504
193	3205.2	30.002	0.41653	880.48	9.0519e-08	0.41992
194	7410	27.653	0.27212	2494.9	7.3687e-08	1.0645
195	6482	32.554	0.36759	1940.3	5.1475e-08	1.0293
196	4410.1	31.833	0.54013	559.63	1.0852e-07	0.48242
197	6679.8	32.52	0.47507	2728.1	7.9079e-08	1.0762
198	5543.1	33.566	0.35574	2179.6	4.7041e-08	1.0293
199	5251.1	31.343	0.36566	656.73	9.5575e-08	0.92773
200	3448.1	35.384	0.34302	2252	9.6864e-08	1.0293
201	8129.1	31.306	0.48893	1788.6	1.2567e-07	1.0684
202	3488.7	31.402	0.45531	2372.6	1.2404e-07	0.92773
203	6000.3	36.563	0.47565	1390.8	4.2554e-08	1.1309
204	7347.4	35.801	0.33914	833.51	7.4466e-08	1.1426
205	3106.4	37.239	0.51386	1684.5	2.9458e-08	1.0371
206	5972.4	37.41	0.5294	929.55	8.7674e-08	1.1621
207	5911.1	34.392	0.28556	237.09	2.6529e-08	1.0332
208	5636.2	37.102	0.47854	1114.4	1.0302e-07	1.1465
209	2813.9	31.079	0.37384	319.15	3.0443e-08	0.39648
210	8168.8	28.677	0.4703	1808.6	2.5544e-08	0.95898
211	4740.2	29.068	0.35484	527.17	7.7152e-08	0.46289
212	4002.8	37.99	0.46628	1261	9.0841e-08	1.1152
213	5611.1	30.222	0.52355	2355.5	6.7611e-08	0.95898
214	6767.7	33.621	0.3375	2927.4	1.2547e-07	1.1465
215	6113.4	33.065	0.42401	1151.2	1.1315e-07	1.0293
216	5408.4	30.301	0.27268	2167	4.3351e-08	0.99023
217	3087.8	33.558	0.41466	2910.9	7.0462e-08	0.51367
218	6050	34.847	0.2918	170.59	3.2297e-08	1.0488
219	6256.6	29.822	0.37901	634.01	2.7482e-08	0.9082
220	3312.5	28.324	0.30145	1283	8.256e-08	0.41602
221	7808.7	37.767	0.32144	2765.2	1.1663e-07	1.334
222	3460.9	36.163	0.26881	2602.5	1.1772e-07	1.1543
223	4024	34.424	0.40358	943.78	5.6619e-08	0.50195
224	4372	38.013	0.26682	912.93	1.895e-08	1.0957
225	4093.3	31.866	0.40751	2263.2	1.1925e-07	0.5293
226	3381.6	32.256	0.34137	1851.4	4.5661e-08	0.46289
227	7264.9	36.129	0.42045	1218.5	1.1098e-07	1.1738
228	3225.8	30.154	0.37712	1841.2	8.0713e-08	0.44727
229	6288.7	38.665	0.51826	1308	5.977e-08	1.2207
230	2743.8	28.177	0.31005	2397.7	1.1425e-07	0.42773
231	4904.2	33.404	0.28629	2743	3.0197e-08	1.0371
232	6909.2	27.885	0.29682	1955.7	4.7912e-08	0.94727
233	7561.2	35.21	0.45421	1593.8	9.8939e-08	1.166
234	6299.1	31.494	0.4556	2444.2	6.206e-08	1.0137
235	8022.9	31.106	0.48176	1469.5	1.0908e-07	1.0488
236	5213.2	34.301	0.48092	2844.6	1.1196e-07	1.1035
237	7840.4	28.217	0.32314	1441.8	8.6205e-08	0.96289
238	7889	30.951	0.3608	138.76	4.4644e-08	0.99414
239	3625.2	33.314	0.50956	630.44	9.4308e-08	0.4707
240	2772.9	32.325	0.31752	2014.8	1.6604e-08	0.41602
241	2928.2	28.259	0.44418	2570.2	6.5064e-08	0.42773
242	5150.3	32.459	0.31909	378.97	8.328e-08	0.94727
243	2882.6	31.719	0.46853	1107.8	6.0473e-08	0.43164
244	2523.1	36.545	0.5335	1369.4	6.5296e-08	1.0059
245	7614.6	37.195	0.39765	2747.4	4.0637e-08	1.2363
246	8057.4	30.772	0.29125	1021.6	6.883e-08	1.0488
247	7988.4	30.179	0.313	1705.2	2.8823e-08	1.0215
248	4395.7	30.585	0.37934	642.9	3.356e-08	0.45898
249	6882.6	36.659	0.45245	1660.1	2.2459e-08	1.1504
250	6846	31.677	0.32713	325.14	1.0623e-07	0.98633
251	5428.1	33.845	0.41261	1514.4	9.9152e-08	1.0371
252	8183.4	37.815	0.38569	263.13	1.1387e-07	1.2246
253	7577.7	34.501	0.53281	2516.4	2.0796e-08	1.1309
254	3707.7	29.463	0.27558	186.41	1.0349e-07	0.43164
255	6440.4	33.737	0.49129	605.1	4.1358e-08	1.0371
256	6999.2	29.871	0.28271	1403.9	7.6106e-08	1.0098
257	2660.9	37.35	0.3636	1037.5	7.5445e-08	1.0059
258	8073.2	34.763	0.41893	584.56	5.9584e-08	1.127
259	7707.3	28.03	0.37201	736.97	1.4586e-08	0.91211
260	7079.4	27.587	0.3274	1791.5	5.5326e-08	0.91602
261	3294.6	28.524	0.50156	1750.1	7.304e-08	0.42773
262	5381.8	36.605	0.28089	455.04	1.2215e-07	1.0957
263	5848	36.325	0.46339	2832.8	8.5935e-08	1.1816
264	7926.4	32.792	0.30424	2110.2	3.7991e-08	1.123
265	3165.8	30.476	0.49226	1319.3	9.6131e-08	0.43945
266	3736.8	30.52	0.54159	1131.5	3.4557e-08	0.44727
267	4192.3	31.762	0.4318	2059.8	9.7835e-08	0.52148
268	5646.9	28.744	0.26539	1488	2.3961e-08	0.93164
269	7642.3	33.237	0.42089	231.94	1.2199e-07	1.0605
270	6020.7	38.35	0.30752	2460.6	9.9754e-08	1.2676
271	5012.5	33.935	0.27889	1870	7.4913e-08	1.0645
272	5795.1	31.99	0.45662	1552.2	1.1854e-07	1.002
273	5104.1	37.419	0.49424	430.98	8.6779e-08	1.1074
274	3062.8	38.795	0.54305	207.85	4.8648e-08	1.0449
275	3835.7	36.356	0.35311	2543	7.4307e-08	1.0801
276	7877.1	36.059	0.32195	1763.2	1.2258e-07	1.2246
277	5799.5	28.475	0.36205	1694.9	8.1377e-08	0.88867
278	6970.5	37.318	0.48805	2573	1.1296e-07	1.2598
279	6224.1	36.72	0.28106	2078.8	1.2014e-07	1.2441
280	5070.9	34.715	0.31392	202.88	2.6858e-08	0.5332
281	3640.2	32.672	0.4588	2706	3.8943e-08	0.94336
282	2655.2	28.793	0.30192	2206.2	1.0834e-07	0.42773
283	4547.8	33.101	0.32994	1235	7.6649e-08	0.52148
284	5344.8	33.66	0.35946	1081.9	7.5718e-08	1.0059
285	5773.6	32.905	0.45944	2291.3	7.6464e-08	1.041
286	2894.1	29.967	0.46776	538.24	6.7407e-08	0.39648
287	3367.5	32.382	0.4939	2720.9	3.9692e-08	0.49023
288	3961.4	31.17	0.52113	2225.6	2.3335e-08	0.47461
289	7799.2	38.062	0.43956	274.02	5.9121e-08	1.2129
290	7295.1	36.49	0.29985	1416.5	5.249e-08	1.1934
291	4164.6	35.506	0.51597	2278.5	4.7414e-08	1.0605
292	6590.9	27.852	0.52289	1249.9	1.1568e-07	0.90039
293	6647.6	29.026	0.4961	446.8	1.0749e-07	0.91211
294	6372.9	36.938	0.36641	2137.5	1.0967e-07	1.1973
295	7191.2	35.885	0.48338	721.04	4.6089e-08	1.1348
296	5240.3	32.041	0.38088	2300.5	2.4711e-08	0.52539
297	3920.7	33.502	0.45313	1085.4	8.927e-08	0.49805
298	6312.2	29.187	0.47136	2589.8	5.0313e-08	0.94336
299	4857.5	37.627	0.34117	2801.2	8.4247e-08	1.1816
300	7286.4	29.825	0.40452	2238.1	1.1604e-07	1.002
